0.6765327695560254
0.6220338983050847
0.5731850890616242
0.5266365384942974

0.6636715997181113
0.6111864406779661
0.5724241747315726
0.5282939286124247

0.6524841437632135
0.5972881355932204
0.5676683182778144
0.5288411025347295

0.6693093727977449
0.6138983050847457
0.5712084773897443
0.5248857822642911

0.663231148696265
0.6105084745762712
0.5625131437602389
0.528709757336021

0.6739781536293165
0.6172881355932204
0.582016582280834
0.5341662894419063

0.6483439041578577
0.6081355932203389
0.5590436938123687
0.5206354990037403

0.6522198731501057
0.5952542372881356
0.5551417056188693
0.5094602056529408

0.6427942212825933
0.5901694915254238
0.5543779224320792
0.5087879614899647

0.6746828752642706
0.611864406779661
0.5628811368029
0.5198902384159715

0.6664023960535589
0.6132203389830508
0.5293656155729188
0.4905865007978321

0.6599718111346018
0.6077966101694915
0.5536708986017314
0.512791987228795

0.6797040169133193
0.6172881355932204
0.5998107039240569
0.5394868063806294

0.6609408033826638
0.6179661016949153
0.575732197243488
0.5524317868685442

0.6543340380549683
0.5911864406779661
0.5553717093348832
0.507223295941969
